0
1
2
8
314
313
233
843
838
722
6757
6572
6758
6570
444
445
535
442
443
350
349
441
347
348
185
252
184
2794
2793
2520
2519
7961
7960
7787
6756
6755
6754
6946
2722
2456
2723
3017
299
222
300
4599
4428
4429
4263
4264
4430
4262
418
417
320
312
398
304
305
397
501
497
395
498
162
223
225
163
164
110
111
224
302
128
183
77
78
127
512
416
415
251
250
338
248
249
721
615
614
517
616
297
296
161
34
33
13
62
61
32
4981
4980
4819
5595
5438
5596
5439
5593
5436
5437
5577
5579
5728
5727
6116
5990
6117
1818
1817
1621
725
723
724
1816
2025
1815
2027
1617
1814
2029
2028
2792
3093
3416
6644
3415
6643
6834
6833
6645
6832
3094
3095
3092
3418
2790
3091
6836
6835
6647
7028
7027
7204
742
740
741
738
739
865
866
997
867
828
708
829
707
605
833
832
711
503
606
7922
8086
8085
7921
7753
8235
8379
8378
8784
8815
8762
8503
8502
8811
8810
8760
8761
8812
8759
8809
8654
8569
8570
8461
8571
8659
8794
8793
8738
8792
8824
8823
8822
8842
1994
1786
1995
1588
1589
1407
1787
1104
1106
1238
1107
1105
1974
1767
1975
1573
1574
1240
1396
1395
841
719
842
840
718
610
611
717
612
839
716
715
714
608
713
844
726
978
836
979
831
830
969
1110
970
971
972
1113
834
973
3018
3019
3021
6571
3348
3345
2727
3022
3020
2724
2725
5404
5403
5246
1619
1620
1442
1622
1280
1279
1441
1440
1278
1437
1438
877
878
1006
879
1004
1005
1136
876
1138
540
448
541
848
982
847
983
731
856
855
991
870
998
750
875
874
873
1614
1615
1613
3412
3086
3413
743
265
267
264
197
351
352
134
135
447
446
186
253
254
440
533
438
521
520
424
522
730
619
732
618
617
729
728
849
996
993
995
534
536
537
538
1819
1146
1145
1147
1014
1144
1281
1444
1443
1625
130
187
43
965
7429
7430
7612
6904
6709
6905
6708
7615
7436
7616
7077
7076
7617
7620
7254
7438
7437
7439
7618
7078
7255
7256
1218
1082
1083
2030
2266
2265
2526
2796
2524
2274
2272
3471
6704
3470
3141
6703
642
544
545
452
547
546
454
1019
1018
887
1148
1282
1012
1011
1143
1013
884
1016
1015
885
758
759
1017
886
8120
8121
8122
8123
8277
8276
8127
7962
7788
8124
8125
7782
7953
7780
7784
7955
7954
7956
8115
8114
7789
7963
7964
7790
7403
7216
7217
7041
7042
7220
7563
7380
7381
7200
7205
7030
7209
7394
7208
337
8856
336
341
79
129
263
346
345
439
196
195
83
1872
2088
2087
6574
6759
6950
6949
6951
7995
7825
7996
8157
8156
8155
7826
7994
8300
8153
8301
8160
7998
8159
7997
7653
7827
3004
2713
2714
2998
3321
3320
3329
3005
2445
2446
2448
2715
3331
3006
3007
6556
3332
3008
3334
6557
3333
6553
6747
6555
3325
6550
3324
3326
3001
3323
6549
6548
3327
3322
6552
3328
6551
2197
2198
2455
2196
2454
2721
3016
2720
2453
2719
2452
2451
2718
2193
2188
1964
2189
3003
2712
2443
2187
2447
486
591
590
487
699
701
817
2457
2458
2200
2201
6734
6532
6735
810
811
812
383
294
384
293
385
219
295
220
387
702
600
703
700
597
599
598
301
392
393
394
303
494
493
596
595
586
693
587
694
695
593
696
813
697
807
691
808
381
382
485
589
588
483
484
585
692
809
4851
5010
4850
5011
3203
2891
2892
4519
4352
4520
4683
4845
4844
5006
5004
4846
5164
4686
4687
4849
4847
7449
7266
7450
8126
7970
7628
7627
7447
7448
7263
7089
7264
6914
6718
6915
7088
2570
2571
2845
2316
6712
3481
6713
3147
3148
3484
3287
6512
2976
2688
2977
3289
3290
5963
5827
5828
6095
6096
6214
6097
5971
4416
4252
4253
4092
4094
4766
4600
4765
4931
3638
3492
3493
227
228
306
226
84
85
138
47
232
626
627
528
628
527
432
433
246
247
334
244
243
179
245
96
95
55
54
99
56
97
200
202
272
109
60
158
919
785
786
918
917
5853
5711
5714
5563
5562
5410
5862
5999
5998
6125
6121
5997
5863
5720
5723
5722
5420
5256
5257
5571
5570
5419
5576
5575
5423
5578
5424
5260
5418
5416
5417
5255
5569
5721
5411
5250
5251
5097
5253
5252
5101
5581
5428
5582
5429
4788
4624
4625
4789
5425
5426
5277
5278
5121
5276
5120
5123
4965
4966
4967
5124
5280
5463
5462
5303
4985
5141
4984
4822
4983
4821
4660
4986
4823
4987
4824
6039
5904
5905
6437
6436
6354
6241
6240
6343
6120
5993
6119
6236
6381
6456
6455
6380
5890
5749
5891
5751
6152
6024
6153
6023
6151
6022
5886
5594
6021
6020
5883
6019
6018
6142
6145
6259
6261
3686
3685
3535
4663
4664
4826
5766
5901
5764
5765
5616
4820
4658
4659
4818
4492
4491
4323
4657
4656
4655
5600
5599
5443
5598
5442
5284
5283
5127
5282
5455
5454
5292
5293
5445
5444
5602
5603
5604
5446
5447
4979
5134
4815
4652
4978
4816
4817
5615
5456
5617
5457
5294
5458
5295
5291
5290
5135
5136
5137
5441
5281
5126
5125
4970
4972
4803
4802
4636
4804
4805
4969
4968
5881
5880
5739
6011
6010
5876
6136
5734
5735
5746
5731
5730
5729
5869
5870
5273
5434
5433
5119
5440
5279
5122
4964
4963
5118
5585
5875
5732
5733
5584
5583
5430
6014
5879
6017
6016
6138
6249
6137
6247
6012
6015
6139
5877
6013
5878
5736
5742
5743
5741
5882
5740
5591
5592
5435
5590
5738
5737
5589
5587
5588
5432
5586
5431
5272
5271
6231
6232
6230
6229
5710
5558
5989
5852
5994
6123
5855
5857
5992
6118
5995
5858
6122
5854
5991
5371
5372
5373
5522
5684
5685
5826
5177
5176
5022
5175
8836
8849
8835
8838
8850
8844
8851
8827
8847
8846
8568
8653
8660
8572
8327
8462
2789
2517
2788
2516
2518
2791
2264
2263
3090
3089
3414
3417
6646
6641
6640
3410
3411
1812
1007
1139
1277
1439
1141
1140
1276
1271
1270
1272
1273
1434
1433
1432
1430
1431
1428
1429
1611
1268
7025
7024
7026
7201
7203
7745
7743
7744
7909
8272
8273
7957
8119
8118
8271
864
863
862
526
431
733
857
607
504
505
8605
8686
8604
7754
7924
7576
8234
8087
8236
8232
8382
8381
8383
8508
8380
8505
8506
8841
8840
8813
8817
8814
8680
8754
8753
8837
8808
8757
8758
8606
8499
8607
8498
8497
8603
8496
8154
8558
8559
8649
8440
8441
8821
8820
8786
8719
8720
1260
1422
1421
1603
1602
1799
2228
2229
2482
2483
2484
712
835
1108
1241
1242
1397
1398
1577
1578
1399
1401
1244
1243
1400
1112
1111
1114
1115
1246
977
976
974
1785
1993
2230
2207
1980
2208
2209
1239
1394
1393
1769
1770
1978
1772
515
516
720
613
837
980
1595
1416
1596
1124
1257
1123
1122
966
967
968
1109
710
709
1121
1120
1116
1117
975
1249
1118
1119
1250
1773
1579
1580
1774
1981
2726
2463
2462
2464
2730
2729
2732
2733
7129
7309
7308
3347
3346
2460
6760
3351
3024
3352
2213
2215
2471
6331
6317
6211
6318
6319
6212
6400
6401
6406
6326
6407
6327
6328
6404
6405
6414
6322
6403
5405
5557
5556
5559
5709
5850
5555
5708
4767
4768
4936
4934
4935
4772
5830
5688
5689
5970
5702
5701
5546
4932
5088
6330
6409
6329
6224
6227
6226
6225
6110
5979
5843
5980
5844
5704
6222
6223
846
727
990
989
853
854
988
987
8855
986
850
984
985
631
746
745
629
630
436
435
343
529
530
344
437
531
532
633
634
632
747
869
751
753
880
752
638
639
542
636
637
868
744
539
635
748
749
871
872
1000
999
8310
8309
8161
8162
7999
6828
6830
7022
6831
7023
7198
7199
7379
7378
7377
7560
7559
7196
7376
7557
7558
7556
7374
7373
7191
7194
7732
7555
7733
7372
7371
7370
6826
6827
6825
6829
6642
6639
6638
6637
6636
3408
6824
6823
7016
8210
8209
8055
8211
543
640
451
356
357
7080
7082
7259
8128
8129
7440
7619
7441
7621
7614
7613
7246
7431
7432
7433
7248
7434
7249
7435
7253
7252
6707
2979
2692
2693
3294
3293
2980
6518
6719
6517
6516
6717
7086
6913
6912
7808
7637
7809
7631
7630
7799
7629
6920
6726
6921
7257
7442
7079
7258
7305
7126
7127
7489
7490
7666
7288
7477
7476
7475
1214
1079
1215
1363
1216
1217
1080
1081
947
1536
1364
1542
1368
1543
1366
1219
1367
6845
7036
7035
7219
7218
7040
6871
2267
2268
2032
2031
1820
2275
2525
2527
1044
1043
913
1312
1311
1176
3469
3468
7071
7070
7072
3475
6710
3474
3143
2309
2310
2564
2833
3140
459
554
553
460
364
458
889
888
891
1021
890
895
1022
1864
1863
1661
1660
1658
1659
1478
1862
1475
784
1445
1283
1151
1152
2273
2038
1830
2039
1827
2040
1831
1832
2041
2043
1834
1638
1833
1835
1836
1639
1156
1288
1155
7775
7949
7948
7947
7946
7774
7773
7950
8111
8112
7777
7778
7600
7601
7599
7418
7417
7237
7065
7243
7242
7241
7425
8117
8116
7779
7952
6890
7064
7240
7422
7421
7781
7603
7420
7958
7959
7610
7611
7609
6697
6888
6887
6696
3462
7401
7583
7400
8103
8102
7942
8250
7941
7404
7238
7062
7776
7598
7416
7597
7415
7236
7060
7414
3461
3129
3128
3460
6702
3466
6891
6892
7066
6700
7067
7244
7247
7069
6897
7068
7245
6896
6895
6893
6894
6701
3134
3465
7239
7063
6889
6699
6648
3419
3420
3421
6652
6651
6653
7742
7907
7906
7908
7741
8072
8071
7034
7212
7211
7758
7580
7581
7757
7582
7398
7207
7206
7029
6837
6838
6839
7032
7031
6650
6649
6841
6840
6842
7033
7210
7397
7396
7579
7578
7395
340
339
255
257
256
258
188
190
189
131
191
46
192
2573
2572
2317
2320
2085
2321
2574
2318
2848
2319
2084
2575
1667
1870
1666
1668
1871
1489
1488
1321
7493
7492
7494
7833
7834
8002
7670
8005
8166
8165
7672
7673
7839
8011
7840
8012
8010
7838
8009
7837
8008
8007
7671
7836
7835
8006
8167
8158
8308
7279
7101
7280
8648
8650
8448
8557
8305
8304
7822
7993
7654
7828
7829
6554
3330
2702
2703
2993
3010
2717
2449
2716
3009
3336
3335
3337
6546
6545
6547
6558
6559
6560
6745
2994
3310
3311
1744
1548
1745
1746
1958
1957
1952
1742
1953
1741
1546
1547
1743
1545
1371
2170
1945
2171
1575
1768
2699
2700
2988
6531
3304
6530
1951
7474
7824
7651
7652
7472
6733
6930
6944
6753
6945
7120
6943
7121
6942
6752
7119
7296
7295
7116
7115
7117
6936
6935
7114
6933
7113
6736
6737
3307
2694
2429
2695
6527
6727
1567
1389
1568
1760
1237
1392
1236
1100
1103
1234
1235
1387
1388
1764
1766
1973
1765
2199
1972
1970
1971
1969
2195
1968
1966
1967
2194
1571
1572
1391
1390
1569
1570
1763
1762
1761
1759
1565
1386
1566
1229
1382
1228
1383
1221
1369
1222
1087
1552
1551
1375
390
391
496
495
389
1099
961
962
1098
1233
944
943
1078
942
690
689
806
5214
5215
5525
5375
5526
5527
5374
5216
4087
3931
4088
4259
3762
3760
3604
3852
3690
3691
4010
3854
3855
3692
3540
4012
3857
3858
4338
4168
4169
4337
4006
3853
4009
4172
4852
4689
4692
4527
4528
4693
4523
4356
4524
4525
4357
4186
4185
4020
4359
4695
4529
3199
3198
2884
3534
2608
2885
2882
2607
2350
4521
4688
5909
5908
5774
6044
5913
6046
6045
5780
5912
5779
5781
6047
5914
5915
5916
6048
5782
5637
5479
5478
5325
5634
5477
5324
5170
1885
1677
1678
1051
1052
1491
1323
1324
1186
1676
1322
1184
1185
1675
1490
2339
2095
2340
3536
3202
3538
3539
3537
4002
3850
4003
2617
2616
2359
2358
3213
3548
3212
2905
2904
2626
5161
5003
5160
5320
5163
5162
5775
5318
5474
5317
5473
5316
5319
5321
5475
4682
4681
4518
4848
4684
4685
4351
4179
4180
5005
4843
4680
4679
4515
4842
4841
4838
4182
4017
4018
4183
4516
4348
4349
4178
4177
4015
7451
7269
7270
7267
7268
7792
7791
7793
7966
7965
7967
7798
7971
7972
8130
7794
7968
7797
7969
7090
6916
7091
7446
7626
2839
2841
3476
3477
2836
2837
3144
3145
2835
7081
6906
6908
6909
6711
6907
3479
3480
3478
3286
2974
3285
3628
2973
3284
2847
2846
3154
3487
3485
3153
3486
3151
3150
3149
3483
3482
2389
2388
2143
2144
1926
2654
2932
2653
2651
2652
1522
1521
1351
1360
1361
1531
1532
5060
4904
4905
4903
4391
4225
4392
4558
4390
4559
4725
4560
4726
5360
5359
5203
5202
5201
5044
5045
4723
4724
4890
4889
4393
5521
5528
5378
5686
5687
4415
6092
6093
5966
6387
6389
6462
6461
6388
6306
6420
6421
6346
6345
6244
6238
6237
6124
6215
6216
6213
6320
6321
4417
4583
4412
4413
5075
4920
5076
4432
4431
4265
4266
4434
4433
4608
4607
4609
2852
3157
3156
2853
3158
3490
3155
3489
3491
3636
4093
3936
1732
1733
1939
1540
1734
1731
1539
1538
1938
2159
2158
4770
4601
4602
4769
4598
4427
4426
4261
4764
4597
4596
3798
3797
3641
3953
2854
3159
2579
2857
2856
2580
2855
3162
3160
4620
4619
4452
5572
5573
5574
5421
5422
5258
5105
5259
5106
4947
5108
4949
5107
4948
4784
4782
4783
4618
4621
4454
4120
4119
3966
4289
4118
4290
4291
1477
1476
1308
230
231
311
310
409
425
426
326
620
523
524
427
429
525
430
328
329
331
428
330
333
332
358
453
360
456
359
455
457
361
277
278
205
279
362
363
280
290
289
215
217
218
157
292
380
291
216
379
377
378
478
479
580
581
940
804
805
687
688
803
939
938
672
673
574
473
575
372
373
471
472
470
469
571
468
467
374
375
376
477
476
920
921
676
787
31
30
59
102
101
151
103
104
9
10
25
11
28
39
17
18
4
3
15
14
29
12
57
58
105
152
210
155
154
106
214
2124
1903
1905
2123
1906
1902
1696
1508
1339
1340
1695
1346
1202
1203
1199
1065
1066
579
578
682
683
1049
1050
3839
3838
3679
3840
6143
6349
6348
6255
6350
6250
6252
6253
6347
6141
6254
5414
5413
5566
5725
5726
6127
6126
5868
5724
5864
5865
5866
5415
5254
5102
4944
4945
5103
6299
6190
6300
6188
5109
4950
4610
4773
4943
4942
4777
4776
5567
5568
5719
5996
5861
5860
5859
5717
5716
5564
5412
5718
5565
4117
4116
3963
4287
4288
4121
3510
3509
3173
3658
3659
3511
3994
3995
4153
4316
4315
4143
4142
3986
5622
5464
5620
5621
5772
5768
5769
5770
5767
5310
5467
5309
4825
4988
5146
5147
5144
5145
5173
5172
5015
6373
6448
6447
6444
6362
6367
6275
6363
6274
6355
6375
6376
6374
6293
6446
6372
6377
6451
6488
6438
6356
6487
6296
6379
6378
6342
6418
6419
6206
6207
6313
6398
6397
6088
6205
6312
6202
6311
6395
6198
6309
6308
6197
6200
6310
6393
6339
6340
6341
6239
6416
6415
6396
6468
6394
6469
6417
6470
6467
5212
5059
5213
5054
4901
5055
6305
6078
6199
6386
6459
6304
6383
6384
6457
6301
6302
6303
6385
6071
6189
6072
5664
5505
5665
5663
5939
5806
5807
6298
6382
6297
6186
6185
6187
6069
5805
5662
5938
5500
5348
5501
5349
5499
6272
6360
6271
6359
6265
6154
6030
6155
6029
6156
6149
6150
6263
6262
6442
6441
6439
6440
6264
6266
6357
6267
6025
5887
6028
6027
6026
6148
6260
4152
4662
4334
4497
4333
4496
4498
4665
4499
4335
4989
4827
5148
1314
1484
1313
2090
1875
2091
2581
2327
2582
2584
2329
2330
1878
2096
2094
2097
2093
1877
2331
2585
2332
1669
2875
2876
3188
6032
5897
6034
5900
5899
6037
5903
5748
5747
5597
5614
5613
5612
5611
5453
5609
5608
5449
5450
5750
5601
6031
5894
5892
5893
5606
5605
5752
5753
5895
5129
4974
4975
4973
4811
5128
5285
4480
4479
4311
4971
4810
4481
4313
4484
4653
5133
5289
4982
5619
5618
5461
5142
5302
5301
5299
5300
5460
5298
5459
5297
5139
5140
5138
5296
4310
5270
5269
4956
5113
4954
5116
5117
4961
4959
4801
4635
4962
4637
4471
4472
4809
4638
4639
4473
5274
5275
6133
6134
6246
6132
6003
4799
4800
4960
4797
6008
6135
6009
5874
6129
6130
6002
6131
6248
6245
6140
6251
5884
5885
3954
6336
6235
6337
6234
6233
6334
6335
6228
6115
5715
5856
4268
1533
1362
1365
1537
1726
1727
1535
1534
2155
2156
2406
1357
1213
1358
1359
1530
1529
1717
1716
1719
1718
1929
1930
3761
3920
3759
3921
5520
5370
5369
5506
5356
5357
5358
5509
6080
6079
5524
5523
5519
5518
5368
5210
5209
5211
5513
5362
5363
5814
5673
5674
5815
5950
5672
5514
5515
5208
5207
5364
5653
5495
5496
5794
5926
5925
5795
5791
5792
5649
5790
5652
4712
4548
4549
4184
4019
3867
4540
4370
4371
5023
4866
4867
5020
4862
5021
5026
4869
4871
5335
5178
5336
5179
5180
4868
5025
4705
4542
4706
8735
8664
8736
8661
8665
8666
8739
8848
8829
8830
8187
8030
8188
8057
7889
8058
7721
7545
7722
7723
7544
7883
7717
7884
7882
2503
2776
2775
2777
3078
2506
2016
2248
2015
2247
2245
2246
2501
2499
2500
2515
2787
2514
2262
2261
2026
2259
2257
2258
2512
2024
1612
1809
1811
2020
1810
2021
2022
2252
2507
3087
3088
2260
2513
2786
2785
3085
2511
2784
3084
2782
3083
2256
2253
2508
2780
2779
2781
2778
3079
1275
1274
1435
7575
7751
7574
7917
7749
7918
7750
7572
7910
8075
8074
7746
7911
8078
7747
8233
8377
8231
8230
7914
7913
7567
7566
7202
7383
7382
7384
7568
7569
7393
7392
7391
7390
7389
7388
7387
7573
7570
7385
7386
7748
7571
7920
7752
8084
7919
8083
7916
8082
7915
8081
7912
8079
8436
8550
8549
7980
7979
736
8516
8619
8618
7755
7577
8696
8611
8612
8504
8613
8818
8819
8785
8718
8507
8615
8756
8684
8602
8685
8687
8688
8690
8689
8691
8608
8500
8443
8303
8444
8646
8437
8438
8439
8551
8302
8442
8726
8652
8567
8563
8566
8457
8651
8658
8734
8737
8733
8657
8656
8732
8791
8731
8789
8730
2475
2744
2743
2476
2477
2217
1989
2218
1988
2219
2220
2221
2742
3038
1247
1402
1245
1403
1583
1581
1582
1778
7167
7166
6991
7165
7164
7346
7347
7345
6987
6988
6794
6795
6607
8205
8206
8350
8202
8043
8203
3387
3388
6615
8348
8347
7353
7533
7532
1125
845
981
1128
1127
1262
1126
1259
1131
1001
1002
1129
1130
1263
1264
1423
1261
1609
1427
1608
1137
1269
1135
1267
1134
1133
1003
1425
1266
1426
1265
1132
1424
1604
1605
1606
2222
2223
2478
2224
2479
2225
2748
2747
2480
2749
3045
3371
3372
6598
6597
2227
2226
2481
2750
3048
2751
3050
3051
2752
3052
3374
2753
1601
1798
2006
2005
1797
2004
1598
1795
2003
2002
2001
2232
2485
3054
3053
3055
3056
3377
3057
2486
2754
2238
2239
2491
2008
2235
2236
2489
2007
2237
2490
2759
2758
3362
3363
2469
2470
2739
2740
2738
3035
3034
6587
6588
7676
8013
8170
8171
8319
8172
7509
7326
7327
7145
6969
6776
6777
6589
6775
6774
6968
6586
6585
6779
6778
6590
6971
6970
6967
6773
6966
7148
8189
8336
8335
8031
7857
7161
7160
6981
6788
6982
6983
7159
7158
7157
2746
2745
3042
3041
3040
3365
3364
3039
1992
1991
1783
1784
1987
1781
1404
1405
1585
1248
1406
1782
1990
1586
1587
1576
1771
1788
1997
1999
1996
1976
1977
2203
2202
2459
2204
2461
2205
1979
2206
2468
2212
1253
1254
1982
1983
6953
6955
7132
6956
7134
6958
6765
6766
6959
7135
6581
2465
2466
3030
2728
3025
3023
3026
2731
6573
3349
3350
6575
6761
6576
6762
6577
6578
6579
3353
3027
3028
3029
6771
6584
8564
8456
8453
6410
6408
6411
6333
6412
6332
6413
6402
5705
5549
5550
5846
5845
5847
5396
5238
5239
5085
5395
5832
5691
5693
5535
5833
5834
5972
6094
5968
5829
5965
5967
6210
6209
6316
6208
6089
5964
6091
6090
5969
5831
5225
5224
5069
5070
6217
6323
6098
6099
5973
5974
6218
6100
6324
6325
6221
6106
6103
6108
6219
6220
6102
5976
6101
5975
5837
5836
5696
5697
5851
5988
6114
6113
6112
5986
5987
6111
5983
5984
5985
5848
5849
5554
5402
5707
5561
5712
5713
5560
5407
5408
5248
5247
5406
5409
5249
5096
5095
5094
5093
4937
4938
5092
5245
5240
5982
6109
6107
5981
851
852
335
434
8163
8311
8004
8003
8164
8312
7554
7903
7737
7738
7904
7736
7902
6822
6821
6634
6818
6633
7189
7188
7012
7011
7195
7375
7021
7197
7020
7019
7017
7018
7193
7192
7190
7013
3409
3082
3081
3080
2502
2774
3076
3077
3401
3404
3403
3405
3406
3407
6635
7885
8052
8208
8356
8355
2010
2011
2244
1801
2013
354
353
270
449
450
6706
6901
6705
6903
6902
7251
7250
6899
6898
7073
6900
3295
2982
2981
3296
6513
6715
2423
2689
2978
2690
2425
3291
3292
6515
6514
7083
8275
8274
8278
8417
8280
8281
8418
8415
8279
8131
6725
7976
7977
8136
7975
7805
7806
7636
7457
7456
7275
7273
7099
7455
7094
7095
2176
2177
2434
2178
2435
949
950
948
945
946
1740
2161
2413
2160
6849
6847
2799
2798
2800
3101
2529
2528
2277
2276
3450
6683
6682
6851
6869
6686
6873
6685
2541
2542
2811
2810
3113
6680
6868
6864
6863
6672
6865
6677
6678
6674
3445
3439
6673
3438
3441
6675
3440
3444
6676
3111
3112
3442
3443
3114
2812
6681
3119
3120
6854
6855
8852
6861
6860
6671
6862
6670
6866
8854
6867
8853
3446
6679
3449
3448
3115
3116
3117
3447
2813
3118
2543
2544
2815
2545
1649
1650
1848
1175
2078
2314
2313
2311
2312
2565
1861
2074
1859
2075
1860
2305
2555
2304
2303
2068
2067
2066
1657
1858
1857
2073
2072
2308
2071
2069
2070
1856
3472
3473
2834
3142
2563
2562
3139
2832
3467
3137
3138
2831
2307
2557
2306
3135
2826
2556
2827
2828
3136
2830
2829
2559
2558
2560
2561
1020
1154
1023
1153
2080
2079
2844
3152
2843
2842
2567
2840
2566
2568
2569
2081
2315
2083
2082
1865
570
671
670
668
462
365
366
281
560
461
561
562
661
563
662
916
782
783
915
781
667
3103
3432
3102
3431
2530
2278
2534
2533
2282
2281
3107
3108
2809
2538
2808
2537
3109
3110
2286
2535
2283
2536
2807
2806
3437
6669
3106
3436
2804
2803
2805
2532
3104
2801
6853
6852
6662
3430
6663
3429
6664
6665
6666
6667
6856
6857
6859
6858
3433
3434
6668
3435
2802
3105
2531
2279
2042
2280
2795
2523
2521
2269
2270
2271
2522
1624
1623
2034
2033
1821
2035
2036
1446
1828
1635
1636
1284
1447
1448
1627
1822
1626
1824
1823
1825
1826
2037
1629
1829
1628
1449
1285
1450
1451
1454
1632
1633
1631
1630
1634
1455
7428
7427
7607
7783
7606
7786
7785
7426
7608
7604
7605
7424
7423
8540
8541
8625
8266
8265
7602
7419
7235
7413
7234
7059
7058
7057
6884
6883
7056
6882
6692
8251
8248
8394
8247
8242
8388
8241
8387
8096
8244
8243
8249
8101
7769
7940
7939
7221
7405
7043
7407
7588
7764
7587
7590
7591
7411
7412
7593
7595
7596
8108
8107
8260
8259
8106
8105
7945
7944
7943
8104
7772
7771
7594
7770
7768
7938
6693
3457
6694
3459
3463
6698
3131
3132
3464
7931
7759
8524
8525
8624
8539
8400
8401
8399
8402
8254
8523
8522
8632
8544
8545
8633
8428
8429
8430
8543
8631
8707
8630
8703
8774
8702
8701
8620
8518
8519
8621
19
5
20
6
93
94
139
92
49
51
89
27
53
26
91
52
88
90
87
86
24
50
23
7
22
48
21
45
81
44
80
1045
914
1179
1483
1482
1869
1665
2325
2326
1319
1320
2100
1881
1882
2099
2098
2346
2101
1884
1883
1880
1674
8452
8562
8561
8168
8317
7832
7831
7669
6947
6948
7307
7128
7667
7668
7491
7306
7990
7989
7818
7644
7464
7645
7646
7466
7647
7820
7281
7465
6529
6730
6731
6927
6729
6732
6928
6929
7102
7103
8298
8297
8150
8553
8552
8554
5626
5625
5468
4995
4831
4833
5150
5149
5151
4994
4993
5153
5152
4991
4990
4501
4667
4500
4336
4666
4828
4673
4672
4507
4506
4508
4339
4509
5002
5001
5000
4999
4836
5156
5314
5155
5315
5311
5469
5631
5632
5630
5322
5476
5633
5778
5910
5911
5777
5776
5627
5628
5629
5472
5470
5471
5312
5313
5154
4996
4997
5159
5158
5157
4998
4835
4834
4505
4504
4502
4503
3002
2711
2442
2709
2710
1956
2183
2182
2441
2440
2708
7118
6938
6939
6565
6564
6566
6751
3342
3343
6569
6568
6567
3341
3015
3344
3013
3014
3012
3011
3339
3340
3338
6563
6561
6562
6749
6750
6941
6748
6940
6541
6744
2428
2991
6528
3302
6932
6931
7823
7650
7649
7821
7470
7471
7293
7480
7292
7479
6740
6739
3313
6539
6538
6537
6738
6934
6534
6535
2431
2175
2432
2696
7460
7276
7461
7459
7277
7278
6526
6525
6724
6728
6925
2983
2984
3297
3299
6521
3298
6523
6522
2697
1752
1753
1750
1556
1751
1749
1557
1558
1380
2190
2450
2191
2192
1755
1965
1560
1754
1757
1758
1563
1564
1385
1562
1384
1561
1756
1381
1559
1555
1377
1378
1226
1093
1227
1379
1544
1370
1223
1550
1549
1372
1373
1374
1224
1090
2184
2444
1959
2185
1962
1963
2186
1961
1748
1747
1960
1553
1554
1376
1225
592
488
489
386
492
388
490
491
594
698
396
500
499
601
502
604
706
602
603
705
704
1102
1101
827
826
825
964
824
963
823
822
820
821
819
818
960
959
958
1097
1096
957
816
815
954
814
1232
1231
1230
1095
956
955
953
1094
952
1092
951
1091
1088
1089
1348
1347
802
686
801
584
482
481
583
480
582
1211
1077
1210
1075
2112
2113
2357
2111
2360
2114
1898
2619
2361
2115
2116
2125
1889
1888
1681
1680
1494
2105
2606
2349
1492
1493
1886
1679
2102
2103
1887
2104
5377
5219
5220
5065
5221
5066
4911
4912
4582
4741
4576
4742
4579
4578
4410
4409
4580
4744
4743
4411
4581
4247
4746
4747
5061
5062
5376
5218
5217
5064
5063
3912
3911
3752
3750
2943
2661
2944
2942
2660
2396
3252
3251
2940
3253
3255
3254
3594
3593
4740
4573
4574
4404
4405
3258
2945
3259
3260
3597
3598
3922
3923
3924
4762
4761
4924
4925
4256
4086
4257
2669
2403
2404
2670
4345
4342
4344
4174
4346
4513
4514
4005
4167
4166
4004
3851
3205
3204
3542
3541
3206
3695
3696
3697
3698
3544
3546
3700
3866
3865
3703
3704
3862
3863
3545
3209
3210
3207
2895
3208
3694
3543
3693
3856
4347
4175
4170
4007
4008
4343
4171
4173
4011
5174
5331
5017
5330
5016
4857
4859
5171
5013
5014
5328
4855
4856
4854
4853
5012
4690
4691
4863
4864
4700
4195
4196
4365
4364
4363
4536
3556
3555
3221
3709
3525
3190
3524
3836
3675
3676
4149
3992
3993
3991
3837
3677
3678
3526
3191
3527
3192
3189
2878
2603
3193
2879
2880
3195
2604
4355
4522
4353
4354
6043
6042
5907
6166
6165
6167
6278
6164
6163
6040
6279
6280
6050
6049
5917
5919
5783
5784
5639
5638
5327
5329
5480
5481
5482
5635
5636
5169
5326
2596
2341
3987
4144
4145
2877
2601
2342
2599
2343
2600
2344
3996
3841
3843
3997
3687
3847
4001
4000
3846
4162
4163
4165
4164
1897
2901
2900
2902
2624
2623
2365
2622
3211
2899
4176
4014
4013
3859
3861
3860
3864
3702
3701
3549
3552
3551
3217
3215
3220
3219
2909
2367
2121
2122
2625
2366
4517
4350
4840
4677
4678
4837
4674
4181
4016
7622
7623
7625
7796
7795
2838
3146
2421
2422
2687
4224
4056
4057
4226
2934
2933
2935
3246
2936
3576
3238
3239
3577
3578
3240
3579
3737
2385
2139
2140
2138
2142
1925
2141
1922
2930
2649
2650
2928
2929
2387
2386
1518
1349
1350
1354
1355
1523
1352
1207
2393
2392
2146
2947
2665
2666
3603
1928
2148
2395
2149
2397
2150
2398
2400
2664
2399
2662
2663
3263
3262
2950
3261
2951
2402
2153
2154
1934
2401
2667
2949
2668
2946
2948
4233
4065
4066
4733
4732
4567
4892
4893
4731
4564
4565
5057
5056
5058
4902
5204
5361
5511
5206
5052
4898
5053
4899
4735
4900
4569
4734
4568
4401
4570
4736
4737
4738
4739
3592
3749
2657
2656
2658
2939
4550
4222
4054
4228
4394
3910
3909
3745
3746
3587
3589
3908
3585
3586
3744
3907
6391
6307
6471
6472
6500
6501
6477
6476
6503
6495
6510
6497
6506
4248
4249
4078
4414
4251
4082
5529
5530
5379
5380
5533
5692
5532
3948
3791
3792
3947
3637
3795
3640
3639
3958
3801
3802
4771
4606
4439
4438
4276
4440
4441
4267
4096
3937
3938
3773
3940
4095
3939
3777
3633
3632
3488
3786
3627
3630
3629
3787
3631
3788
2671
2953
2952
2405
2672
2408
2407
2412
2410
2411
2414
4603
4604
3497
3161
3496
3494
3495
3642
3643
3644
3800
3649
3648
3500
3650
3502
3503
3165
4286
4115
4114
3961
3960
3962
3804
3805
3803
3645
3646
3647
3499
3498
3501
3163
3164
4953
4952
5112
5104
4946
4285
4453
4623
4786
4785
3964
3965
4626
3810
3813
3816
3504
2858
2859
2862
2587
3660
3661
3820
3821
3976
4467
4299
4468
1664
1481
6368
63
64
165
112
514
408
407
511
510
509
508
507
308
405
404
406
309
400
399
609
513
401
402
506
307
403
229
166
284
208
209
149
150
148
147
268
269
266
198
199
136
137
140
201
141
142
98
273
203
143
100
144
274
276
275
204
146
145
206
207
371
283
287
282
370
1900
1693
1901
941
1076
1204
1073
1072
1070
1071
572
573
474
475
221
298
160
159
108
107
1337
1197
1338
1196
1504
1503
1896
1690
2117
1899
2118
1692
1691
1505
1506
1904
1341
1198
1507
1694
1705
1704
1516
1515
1514
1513
1512
1702
1701
1700
1345
1511
797
796
681
1195
1335
1334
922
1189
1053
1328
1190
1191
1327
1187
1188
2107
1891
2108
2110
2109
1892
6147
6146
6427
6478
5867
6004
6243
6128
6001
6000
4780
4617
4781
5940
5941
6191
6073
5261
5262
5100
5099
5098
4941
4611
4612
4939
4940
4775
4774
4779
4778
4615
3959
4113
4112
4282
2337
2338
2336
2866
2590
2591
2592
3174
2865
3512
3967
3814
3654
3657
3507
3508
3815
3656
3968
4293
4122
4460
4461
4629
4295
4294
4157
4158
4154
4148
4147
3990
4319
4318
4138
4140
4643
4476
4477
4478
4309
4308
4306
4307
3829
3670
3830
4312
4141
3984
3985
3983
5508
5507
5668
6369
6284
6288
6285
6287
6175
6060
6176
6178
6061
6062
6177
5929
6511
6443
6361
6273
5771
5773
5304
5143
5624
5466
5623
5465
5305
5306
5308
5307
5642
5643
5787
5484
5485
5487
5486
5333
5334
5332
5483
5019
5018
5640
5641
6450
6449
6204
6314
6315
6084
6203
6083
6085
5816
5675
5954
5817
5818
5953
5951
5952
6201
6082
6399
6338
5945
6077
6196
6195
6479
6428
6480
6429
6499
6504
6505
6481
6482
6458
6496
6460
6498
5503
5931
6064
5930
5804
5936
5803
5497
5498
5347
5654
6059
5928
5798
5797
6065
6066
5932
5933
6269
6270
6358
6268
5745
5744
5889
5888
4150
4320
4489
4661
4493
4324
4325
4326
4654
4487
4488
4490
4322
4151
4321
4328
4327
4495
4494
4161
4332
4160
4331
4314
4483
4650
2864
2589
1874
1873
2328
2089
1670
1485
1316
1876
2092
3674
3523
6162
6038
6276
5452
5451
5763
5762
5902
6035
6161
6160
6036
6159
6158
6157
6033
5898
5761
5760
5759
4648
4812
5754
5755
5610
5758
5757
5896
5756
5607
5448
4813
4651
5286
5287
5130
5288
5131
4814
4976
5580
5427
5264
5263
5110
5266
5265
5268
5267
4957
4794
4795
4630
3977
4475
4305
4132
4647
4646
6005
6006
1724
1933
1729
1730
1728
1937
1936
2157
1725
1935
3605
3264
3265
3926
3925
3764
4084
4085
3928
3766
3929
4083
3927
3765
3607
3763
3606
3613
3270
3271
3614
3767
3609
3266
3608
3267
3610
3611
2957
2958
2956
2409
2674
2673
2954
2955
3268
5504
5355
5353
5352
5669
5809
5943
5810
5811
5812
5671
5512
5670
5510
5949
5813
5948
6081
5946
5947
5683
5516
5676
5366
5365
5959
5958
5820
5961
5962
6086
6087
5957
5956
5819
5955
5681
5682
5960
5821
5824
5825
5823
5822
5679
5680
5678
5677
5367
5517
5186
5028
5187
5927
5796
5918
5785
5788
5921
5183
5182
5027
5184
5341
5185
5342
5494
5343
5344
5188
5339
5338
5492
5340
5491
4870
4710
4872
4711
4873
4546
4694
4860
4697
4858
4696
4530
4361
4861
4698
4535
4699
4534
4533
4532
4531
4865
4703
4702
4539
4367
4199
4368
4541
4704
4373
4372
4207
4206
4205
4369
4039
4044
3888
3889
3880
3714
3715
1919
1920
2137
1918
1709
1710
2135
2136
2383
2134
1917
1916
2133
4034
3881
3883
5181
5024
3890
3891
3892
4045
4380
4379
4378
4046
8807
8806
8805
8834
8833
7892
7891
7890
8059
7364
7543
7888
8056
6620
6807
6806
6621
7360
7179
7181
6810
6811
7002
6624
6625
6623
3395
6622
6808
3393
6999
6809
7000
7001
8207
7177
7178
7359
7358
7539
7540
7541
8053
7886
8054
7720
7887
7542
7719
7718
3075
3399
3400
6629
6628
6626
6627
7008
7185
7184
7186
7367
3402
6630
7007
6815
6814
7006
6813
7005
2251
2505
1802
2012
2019
2018
1808
1610
1807
1607
1806
1804
1805
2014
1803
2763
2494
2764
2493
3065
3066
6619
2773
2772
1813
1616
2023
2255
2783
2510
2254
2509
1436
1618
8076
8223
8222
8226
8373
8372
8224
8370
8494
8369
8225
8077
8227
8374
8501
8376
8229
8375
8080
8228
8697
8614
8617
8616
8700
8770
8698
8699
8771
8772
8773
8782
8778
8777
8710
8637
8711
8636
8548
8634
8709
8147
8295
8431
8432
8296
8435
8434
8433
8547
7807
7978
8137
8134
8135
8285
8425
8424
8538
737
625
621
622
859
860
992
858
861
994
734
735
623
624
8088
7923
8090
8238
8237
7925
8089
7926
8763
8783
8643
8644
8640
8639
8642
8641
8751
8679
8594
8596
8595
8490
8682
8487
8488
8593
8361
8592
8362
8215
8363
8489
8068
8066
7901
8067
7900
8060
7735
7734
7897
8063
8560
8451
8307
8306
8447
8556
8445
8446
8655
8729
8724
8788
8787
8647
8723
8721
8722
8645
8555
6780
6591
6973
3366
3367
2472
2473
3036
3037
2474
2741
7526
8668
8741
8667
8037
8199
8198
7872
8040
8039
7522
7341
7342
8041
8201
7874
6613
6614
6800
6801
8345
8344
8477
8342
1420
1600
1418
3047
3046
3370
6600
6790
6789
6601
6602
6791
3376
3375
2234
2488
2487
2233
2755
3058
2492
2761
2762
3062
2760
3061
3068
3392
3391
3067
3389
3063
3064
3385
3386
6612
7144
7856
8029
8328
8463
8184
8182
8181
8025
8325
8026
8183
8185
8329
8027
8332
8333
8465
8331
8330
8464
8186
8028
7853
7854
7855
7686
7508
7510
7687
6972
7147
8573
8662
8574
8576
8578
8663
8577
8575
8466
8334
8467
8579
8468
8469
8580
8190
8337
8191
8193
7155
7156
7339
7338
6979
3373
3049
6787
6599
6781
6592
3369
3368
6596
6595
6786
6980
2216
1985
1986
1984
2214
1776
1775
1777
1779
1780
1584
1411
1408
1590
1409
1251
1252
1410
1591
1592
1789
1256
1255
1415
1414
1413
1594
1593
1412
1790
1998
6954
6763
6957
6764
3354
6580
3355
6768
6582
6583
2210
2211
3361
3360
3358
3359
2735
2736
2737
3033
3032
3031
3357
3356
6772
6965
8169
8318
8315
8316
8454
8565
8455
8321
8326
8460
8458
8459
8324
8323
8180
8322
8178
4930
4927
4763
5084
5237
5539
6104
6105
5547
5703
5548
5397
7565
7564
7740
7562
7561
7905
7739
7014
7015
8357
8358
355
271
7075
7074
6519
6520
7443
7444
7624
7445
7261
7262
7260
7087
7084
7085
7093
7265
6721
6720
6917
6722
7092
7098
6924
7804
7803
7802
7635
7634
7800
7801
7973
7632
7633
7452
7453
7271
7454
7096
7272
7274
7097
2433
2698
1220
1086
1085
1084
2430
2174
2427
3774
3615
2549
2818
2548
2295
2554
2553
2301
2302
3133
2825
2824
2552
2551
2299
2550
2300
2064
2063
1849
2062
2061
2060
1652
1851
1651
3096
3422
3423
3097
6844
6843
6655
6654
6848
3100
3427
3099
6661
3428
6656
3424
3425
7037
7038
7039
6846
3098
2797
6658
3426
6657
6659
6850
6660
6870
6684
3452
3454
6687
3453
3451
3121
1467
1468
1466
2287
2539
2054
2290
2058
2291
2289
2540
2055
2288
1843
2045
2044
2047
2046
2052
2051
2285
2284
2053
1842
1844
1645
6691
6690
6880
2814
2077
2076
881
754
1008
1142
1009
1010
882
757
883
755
641
756
643
645
644
646
760
761
762
892
763
764
648
649
893
894
548
549
550
647
552
551
650
765
766
767
896
556
555
558
557
559
656
1167
1165
1166
1303
1034
1164
1036
1305
1306
1307
1171
1168
1169
1037
1662
1866
1868
1867
1479
1663
1480
1309
1310
912
780
1174
1041
1042
911
1173
1172
1170
1038
908
907
902
904
905
1035
669
569
369
466
567
568
566
666
778
665
1039
1040
779
910
8416
8270
8536
8535
8419
8537
8269
8414
8256
8405
8255
8527
8403
8526
8626
8110
8109
8262
8261
8113
7951
8263
8409
8408
8407
8529
8410
8257
8258
8404
8406
8528
8627
8531
8628
8530
8532
8629
8533
8412
8534
8413
8264
8411
8268
8267
3127
3458
3125
6886
7061
6695
6885
8622
8623
8252
8253
8509
8510
8511
8515
8385
8512
8513
8389
8390
8393
8514
8392
8245
8391
7213
7214
7399
7215
7585
7402
7762
7584
7763
7586
7760
7761
8091
7927
7756
8239
8384
8240
8386
8092
7928
8093
7929
8094
7930
8095
7932
7933
7934
8097
8098
7765
7936
7935
8100
8246
8099
7937
7766
7767
8146
8294
8144
8293
8426
8542
8776
8775
8708
8704
8705
8706
261
262
342
260
194
259
82
133
193
132
2578
2323
1879
1673
1671
1672
7638
7458
7639
7640
8151
8299
8152
7992
7819
7991
4670
4669
4992
4829
4671
4832
5008
5009
5165
5007
5167
5168
5166
5323
6542
6746
6543
2701
2992
3306
3305
3309
6536
3308
6533
2990
2989
2987
3303
7107
7108
8001
8000
7830
7665
7659
7658
7657
7656
7473
7655
7286
7285
7100
6926
6723
6524
3301
3300
1212
1356
2618
2896
2897
2126
1907
1908
2106
2351
2352
2886
2609
2610
1893
1894
1688
1686
2615
2614
3200
3201
2890
2889
2613
2612
2611
2353
2354
2355
2356
4406
4575
4407
4242
5068
4914
5381
5222
5536
5534
5384
5385
5537
5386
5383
5382
5067
5223
4913
4748
4749
4907
4906
3256
3257
3596
3751
3595
4402
4239
4403
4240
4241
4070
3601
3602
4077
4246
3930
3768
4340
4341
4676
4510
4512
4511
2893
2894
3699
3547
2364
2363
2362
2621
2898
2620
4526
4358
4187
4188
4022
4021
3869
4360
4189
4190
4191
3705
3706
3553
3707
3868
4023
3870
3222
3557
3874
3710
3708
3871
3554
3218
2345
2602
2347
2348
2605
2881
3844
3684
3683
3533
3682
2883
3197
3842
3680
3528
3194
3529
3681
3532
3530
3196
3531
6366
6364
6041
5906
6365
6277
6051
6170
6169
2869
2870
2871
3183
2872
3182
3519
3520
3521
3522
3518
3181
3180
4133
3978
3662
3513
4155
4156
3848
3849
1502
1687
2903
3216
3214
3550
2368
2369
2628
2906
2627
4675
4839
4058
4060
4061
4227
3903
3740
3904
3905
3902
3901
4055
3900
3738
2931
3241
4221
4053
4382
4551
4381
4217
3895
3730
3731
3575
3896
1921
1713
1924
1923
1706
1517
1708
1707
1519
1520
1074
1209
1353
1208
2384
2648
2927
2647
2382
2926
2646
3234
3233
2921
3573
3235
3724
3725
3887
3570
3721
3720
3568
3722
3885
3884
3567
2145
1927
2147
2394
1721
1720
1723
1722
1931
2151
2152
1932
4238
4400
4399
4237
4566
4396
4561
4562
4727
4728
5205
5051
5046
4891
5050
5049
4897
4896
4895
5047
5048
4894
4730
4729
4563
4571
4572
3748
3747
4883
4719
4720
4722
5198
5040
5041
5199
5043
5200
5042
4888
4887
5039
4886
4885
4884
4882
4555
4721
4385
4387
4556
5346
5502
5661
5350
5351
5191
5190
5192
5032
5031
4877
4878
4875
4876
4716
5345
5189
5030
5029
4874
4713
4714
4715
5354
5197
5195
5196
5038
4881
5033
5034
5194
5037
5193
5035
5036
4879
4717
4880
4718
4552
4553
4384
4554
4219
4223
4389
6423
6422
6424
6475
6502
6464
6463
6392
6466
6474
6473
6465
6390
6435
6353
6433
6432
6256
6144
6257
6351
6352
6258
6430
6431
6508
6483
6491
6492
6490
6452
6453
6454
6494
6486
6489
6485
6434
6484
6493
6509
6507
4756
4919
4755
4584
4585
4586
4923
4757
4758
4079
4080
4250
4081
5531
5690
3950
4103
3949
4102
4277
4106
3951
3796
4437
4605
4269
4435
4436
3941
3778
3942
3779
4097
4098
4101
4100
4271
4270
4275
4274
4105
4273
4272
3952
4104
4107
4108
3957
4110
3955
3617
3274
3618
3616
3619
3775
3776
3635
3790
3634
3288
2975
2686
2685
2420
2972
3283
3625
3282
3626
3789
3785
3799
3956
4448
4283
4616
4450
4451
4614
4613
4449
4284
4455
4456
4458
4457
4627
3806
3807
3808
3809
3812
3652
3653
3651
3811
2583
2861
3168
2860
3166
3506
3167
3655
3505
2334
2333
2335
2586
2863
2588
3172
3171
3169
3170
4300
4128
4301
4127
3974
4303
4302
4130
4129
3975
3818
3817
319
317
421
420
323
419
322
321
236
237
413
411
412
410
414
315
316
234
318
169
168
368
367
1205
1206
212
288
285
286
153
211
156
213
1689
1895
1697
1509
1068
1067
934
1069
1201
1200
1343
1342
1699
1698
1510
1344
685
684
936
937
935
800
799
798
933
932
931
1064
1336
1501
1499
1500
1495
1682
1326
1325
6426
6425
6242
6344
5667
5666
5808
5942
5944
6075
6076
3184
3185
3186
3187
2873
2874
2597
2598
2594
2595
2868
2593
4464
4463
4462
4296
4297
3969
3970
4469
4470
4634
4633
5114
5115
4958
4796
4632
4798
4631
4466
4465
4298
3973
3819
4126
4125
3972
3971
4123
4124
3671
3672
3673
3831
3988
3832
4485
4486
4146
4317
6168
6281
6283
6282
6172
6173
6286
6056
6057
6058
6174
5648
5490
5789
5488
5645
5644
5647
5646
5655
5799
3998
3845
4159
3999
4330
4329
4482
4649
4977
5132
4790
4955
4792
4791
4628
4793
4304
4131
4807
4808
4640
4806
4641
4644
4645
4474
4642
5872
5873
6007
5871
3772
3934
3933
3769
3932
3770
3771
3612
3269
3599
3600
3755
3756
3918
3757
3758
5786
5920
5924
5923
6171
6052
6053
6055
6054
5922
5493
5650
5793
5651
4708
4709
4545
4544
4707
4543
4376
4547
4209
4208
4374
4375
3886
3723
4043
4211
4701
4538
4537
4366
4198
4197
4030
4032
4031
4033
4200
1909
1703
1910
2370
2127
2374
2373
2128
2634
2130
2129
2131
2375
2635
2630
2631
2908
2907
2371
2629
2633
2372
2632
2914
2636
2637
2915
2381
2640
2639
2379
2641
2380
2642
2917
2923
2924
3729
3728
3572
3727
2913
3225
3563
3226
2920
4202
4035
5337
5489
3893
3894
4047
7724
8349
8204
8482
8044
8045
7876
7709
7708
7707
7710
7877
7361
7362
7182
7711
7878
7879
8050
8051
8047
8046
8049
8048
7881
7714
7880
6632
6631
7004
7180
6812
7003
7365
7546
7183
7363
2504
2249
2250
2017
1800
2009
2242
2241
2240
2497
2243
2498
2496
2495
3394
3070
3071
3069
2769
2767
2768
2766
2765
2771
2770
8148
8149
8546
8635
8695
8694
8693
8609
8610
8764
8692
8765
8816
8717
8716
8217
8065
8212
8360
8359
8213
8214
8073
8070
8493
8367
8368
8366
8221
8220
8069
8681
8755
8683
8598
8491
8597
8495
8371
8601
8600
8492
8599
8365
8219
8218
8364
8064
8216
7898
7899
8727
8728
8725
8790
3044
3043
7873
7706
7343
7344
7524
7703
7702
7701
7525
7527
8473
8474
8583
8343
8200
8742
8740
8671
8743
8670
8669
8839
8843
8845
8826
8795
8825
8796
8828
8797
8798
8800
8801
8799
8744
8672
8831
8832
8802
8748
8803
8745
8746
8585
8673
8584
8354
8353
8352
8485
8486
8351
8484
8804
8752
8749
8750
8678
8591
8677
8747
8346
8674
8586
8475
8341
8340
8196
8581
8470
8471
8582
8472
8338
8339
8194
8197
8036
7867
6978
7516
7337
7517
7518
7336
7694
7695
7696
7521
7340
7520
7519
7700
7523
7699
7698
7869
7871
8038
7870
7868
7697
7866
8035
8195
1597
1796
1599
1417
1419
1258
2756
2757
3382
3059
6803
6804
6994
6997
6996
6802
6616
6992
6805
6617
3390
6618
6964
7143
6767
6960
7137
7138
8017
7841
8014
6952
7310
7495
7496
7674
7675
7130
7131
7133
7312
7311
7313
7136
7314
7497
7315
7498
7499
7677
7500
7678
7679
7502
7503
7680
7504
7505
7324
7325
7507
1793
1794
2000
2231
1792
1791
2734
2467
8450
8449
8314
8313
8176
8320
8024
7852
5083
5082
4926
5694
5835
5695
5538
5387
5540
5388
5229
5389
5706
5553
5090
4933
5243
5091
5401
5244
5551
5552
4928
4929
5086
5087
5089
5242
5400
5241
5398
5399
6716
6714
6911
6910
6918
6919
6923
6922
1735
1541
1946
1736
2426
2691
1737
1738
1947
1739
1948
2172
2173
1949
1950
3272
3273
2546
2816
2293
2292
2294
2059
1846
1304
1474
1473
1656
1655
1855
1854
1654
1653
1853
1852
2065
1850
1837
1841
1463
1644
1643
1840
1462
1642
1461
1464
1295
1296
2057
2056
1845
1646
1647
1847
7222
7044
6872
6874
7045
7224
7223
7226
7225
7049
7050
6879
7051
7052
7046
6875
6876
6877
7048
7047
6878
6688
3455
6689
3456
3124
3123
3122
1471
1472
1469
1470
1300
1302
1301
1163
1032
1033
1162
909
776
906
775
3126
2817
8395
8517
8520
8397
8396
8521
8398
7227
7228
7406
6881
7053
7408
7229
7589
7409
7232
7233
7055
7054
7231
7230
7410
7592
7810
7811
7812
7981
8138
8286
8139
8422
8132
7974
8282
8133
8283
8284
8421
8420
8423
8289
8288
8141
8290
8291
8140
8287
7982
7983
7984
7985
7813
7643
7816
7817
7815
7988
7987
8145
7462
7463
7641
7642
7986
7814
8142
8143
8427
8292
2086
2324
1048
1047
1183
1046
1178
1177
1315
1180
1181
1182
1486
1317
1487
1318
4668
4830
2997
3319
3318
3317
6544
2995
3312
6741
6937
6742
6743
6540
3314
2437
2436
2999
3000
2706
2707
1954
1955
2181
2180
2439
2179
2438
2705
2996
2704
3315
3316
2986
2985
7661
7122
7298
7299
7123
7486
7304
7303
7125
7124
7301
7302
7485
7300
7487
7484
7297
7482
7294
7483
7660
7488
7662
7663
7664
7478
7481
7289
7290
7112
7291
7111
7110
7287
7109
7648
7469
7467
7468
7282
7283
7104
7105
7106
7284
2888
2887
4745
4910
4908
4909
2119
2120
4028
4029
4362
4192
4026
3872
3873
4027
3668
3666
3667
3663
3175
3176
3688
3689
3739
3582
3583
4059
3906
3743
3742
3898
3732
3733
3735
3736
4052
3897
3734
3899
1524
1525
1526
1527
1528
1715
1714
1913
1911
1912
3571
3726
3569
3232
3231
3230
3229
2659
2941
4229
4062
4395
4230
3913
3914
4236
4069
4067
4068
4234
4235
4063
4064
4231
4232
4398
4397
2390
2391
2655
2937
3249
2938
3247
3588
3248
3250
3590
3591
4220
4386
4388
4557
4420
4254
4255
4418
4419
3935
4091
4089
4090
4424
4260
4258
4423
4594
4425
4595
4760
4759
4422
4593
4592
4421
4590
4591
4588
4589
3794
3793
4445
4444
4442
4443
4446
4447
4280
4281
4109
4278
4279
4111
3945
3781
3946
5111
4951
4787
4622
4292
4459
76
42
41
40
72
73
121
37
16
38
71
238
239
324
327
241
176
242
122
519
518
423
422
325
240
123
74
181
182
126
180
125
75
178
177
175
124
174
173
235
170
172
120
171
119
70
117
118
66
65
36
35
113
67
68
114
115
69
167
116
680
679
678
788
923
675
674
925
789
790
577
576
791
677
792
793
1056
924
1057
1058
927
926
928
794
795
929
930
1192
1054
1055
1060
1193
1059
1194
1061
1063
1062
1890
1683
1496
1329
1331
1330
1684
1685
1498
1497
1332
1333
6193
6194
6074
6192
3177
2867
3834
3835
3989
3833
5659
5660
5802
5658
5935
5656
5657
4245
4076
4408
4577
4243
4244
4073
4074
4075
3753
3754
4071
4072
3916
3915
3919
3917
4041
4040
4377
4212
4210
4042
2645
2644
3574
3236
3237
2925
1914
1915
2132
2378
2377
2376
2916
2638
3227
3228
3561
3716
3713
2910
2911
3223
3711
3558
3878
3879
3876
3877
3875
3712
3559
3560
3224
2912
3717
3562
3882
3719
3718
3564
3566
3565
4204
4038
4201
4203
4036
4037
7875
8042
7176
6998
7356
7174
7175
6995
7171
7172
7173
7354
7357
7355
7534
7716
7715
7538
7537
7535
7536
7713
7712
7187
7369
6820
6819
7009
7010
6817
6816
7366
7549
3398
3074
3073
3397
3072
3396
8779
8769
8768
8713
8780
8781
8638
8712
8767
8766
8715
8714
7705
7704
8590
8483
8480
8481
8479
8588
8589
8676
8675
8587
8478
8476
8192
8032
7858
7859
8033
8034
7861
7688
7689
7511
7860
7690
7691
7146
7328
7150
7153
7154
6974
6975
6593
6782
6785
6784
6594
6783
6976
6977
7152
7335
7333
7334
7515
7693
7149
7330
7151
7331
7332
7329
7513
7514
7512
7692
7862
7863
7864
7865
3060
3384
6611
8022
7848
7849
7684
7685
7847
7842
7843
8173
8175
8018
8174
8177
8021
8019
8020
8015
8016
7844
7845
7846
7681
7682
7683
6769
6770
6962
6963
7142
6961
7139
7316
7317
7501
7318
7319
7320
7140
7321
7141
7322
7323
7506
7850
7851
8179
8023
5226
5227
4916
5071
4917
5073
5228
5072
4918
4754
5231
5074
5236
5394
5545
5393
4921
5077
4922
5080
5079
5081
5234
5078
5233
5235
5392
5391
5232
5700
5840
5842
5978
5841
5838
5977
5839
5698
5541
5699
5542
5543
5544
5230
5390
2298
2297
2547
2296
1294
1159
464
463
565
465
664
564
663
777
903
772
773
659
774
660
3130
2823
2821
2822
2819
2820
2849
2850
2851
2576
2577
2322
4193
4194
4025
4024
3827
3669
3981
4139
3828
3982
3980
3826
4137
4136
4134
4135
3245
3244
3741
3584
1711
1712
4049
4048
4214
4213
4215
4216
4383
4218
4050
4051
4915
4750
4752
4751
4753
4587
3624
3783
3623
3784
5937
6070
6295
6294
6180
6289
6370
6371
6445
6291
6290
6179
6292
6063
6183
6182
6181
6184
6067
5934
6068
5801
5800
2922
2643
2919
2918
8062
8061
7893
7730
7731
7896
7895
7894
7729
7368
7553
7552
7728
7551
7726
7727
7548
7550
7547
7725
7169
7168
7348
7528
7531
7352
7530
6993
7170
7351
7350
7529
7349
6990
6989
6798
6799
6797
6796
6608
6986
7163
6984
7162
6603
6604
6792
6985
6606
6793
3378
6605
3379
3380
3381
6609
3383
6610
1157
1024
1292
1025
652
651
653
654
655
768
769
897
1026
898
658
657
771
770
899
1029
900
901
1030
1648
1465
1299
1298
1297
1161
1637
1457
1149
1286
1287
1150
1452
1453
1289
1290
1456
1291
1640
1458
2048
2050
2049
1838
1839
1641
1460
1459
1293
1158
1028
1027
1031
1160
3822
3823
3178
3179
3517
3516
3665
3514
3515
3664
3825
3979
3824
3580
3242
3243
3581
3943
4099
3944
3780
2675
2959
2676
2961
2960
2962
3276
3275
2677
2678
2679
2964
2963
1942
2169
2424
1944
1943
2167
2168
2165
2166
2419
2418
2416
2417
2682
1940
2164
1941
2163
2162
2680
2415
2969
2683
2684
2971
2970
3281
3280
3279
2968
2681
2966
2967
3277
2965
3278
3621
3620
3622
3782
